39 53 0 8 99807.5
43 52 0 5 99982.5
45 53 0 2 99890.0
42 50 0 8 99772.5
47 48 0 5 99932.5
38 60 0 2 99570.0
47 50 0 3 99970.0
43 53 0 4 99817.5
46 51 0 3 99825.0
36 58 0 6 99500.0
31 63 0 6 99230.0
40 57 0 3 99570.0
38 55 0 7 99585.0
37 56 0 7 99812.5
43 55 0 2 99845.0
36 58 0 6 99552.5
37 56 0 7 99787.5
47 45 0 8 99992.5
37 58 0 5 99240.0
34 62 0 4 99530.0
